# ZnO (wurtzite)      Hexagonal   crystal   system ; Bravais  Mode   P ; Space group : P 63 m c 
# a = 3.2494 A     b = 3.2494     A  c = 5.2054 A     Alpha   =  90°   Beta = 90°     Gamma = 120°
# Camera Length = 2100 mm         Voltage   = 200000 V
# (h k l)       n     dhkl        Dhkl   Theta    Ksig     Int.
(0 0 0 1)        2     5.2054   20.23     0.138° >10E5         0
(0 1 -1 0)       6     2.8141   37.42     0.255°    813        54
(0 0 0 2)        2     2.6027   40.46     0.276°    560     114
(0 1 -1 1)       12    2.4755   42.53     0.290°    951        39
(0 1 -1 2)       12    1.9107   55.11     0.376°    1396       18
(0 0 0 3)        2     1.7351   60.68     0.414°    >10E5      0
(1 1 -2 0)       6     1.6247   64.81     0.442°    623        92
(1 1 -2 1)       12    1.5509   67.89     0.463°    >10E5      0
(0 1 -1 3)       12    1.4769   71.29     0.486°    833        51
(0 2 -2 0)       6     1.4070   74.83     0.510°    1419       18
(1 1 -2 2)       12    1.3782   76.40     0.521°    945        40
(0 2 -2 1)       12    1.3583   77.52     0.529°    1557       15
(0 0 0 4)        2     1.3013   80.91     0.552°    1814    11
(0 2 -2 2)       12    1.2377   85.07     0.580°    2136       8
(1 1 -2 3)       12    1.1860   88.78     0.606°    >10E5      0
(0 1 -1 4)       12    1.1812   89.14     0.608°    3938       2
(0 2 -2 3)       12    1.0929   96.35     0.657°    1156       27
(1 2 -3 0)       6     1.0636   99.00     0.675°    1947       9
(1 2 -3 1)       12    1.0421   101.04    0.689°    2030       9
(0 0 0 5)        2     1.0411   101.14    0.690°    >10E5      0
(1 1 -2 4)       12    1.0157   103.67    0.707°    2253       7
(1 2 -3 2)       12    0.9846   106.94    0.729°    2768       5
(0 1 -1 5)       12    0.9764   107.84    0.736°    1337       20
(0 2 -2 4)       12    0.9554   110.21    0.752°    4768       2
(0 3 -3 0)       6     0.9380   112.25    0.766°    1142       27
(0 3 -3 1)       12    0.9232   114.06    0.778°    >10E5      0
(1 2 -3 3)       12    0.9068   116.12    0.792°    1463       17
(0 3 -3 2)       12    0.8825   119.32    0.814°    1580       14
(1 1 -2 5)       12    0.8766   120.12    0.819°    >10E5      0
(0 0 0 6)        2     0.8676   121.37    0.828°    1617    14
(0 2 -2 5)       12    0.8369   125.81    0.858°    1646       13
(0 1 -1  6)      12    0.8291   127.00    0.866°    3456       3
(0 3 -3 3)       12    0.8252   127.60    0.870°    >10E5      0
(1 2 -3 4)       12    0.8235   127.85    0.872°    5576       1
(2 2 -4 0)       6     0.8123   129.62    0.884°    1397       18
(2 2 -4 1)       12    0.8026   131.19    0.895°    >10E5      0
(1 3 -4 0)       6     0.7805   134.91    0.920°    2950       4
(2 2 -4 2)       12    0.7755   135.78    0.926°    1883       10
(1 3 -4 1)       12    0.7719   136.42    0.931°    2883       4
(1 1 -2 6)       12    0.7653   137.59    0.939°    1918       10
(0 3 -3 4)       12    0.7609   138.37    0.944°    3045       4
(1 3 -4 2)       12    0.7476   140.84    0.961°    3971       2
(1 2 -3 5)       12    0.7440   141.52    0.965°    1939       9
(0 0 0 7)        2     0.7436   141.59    0.966°    >10E5      0
(0 2 -2 6)       12    0.7385   142.58    0.973°    4047       2
(2 2 -4 3)       12    0.7357   143.12    0.976°    >10E5      0
(0 1 -1 7)       12    0.7189   146.45    0.999°    3185       4
(1 3 -4 3)       12    0.7118   147.93    1.009°    2086       8
(0 4 -4 0)       6     0.7035   149.67    1.021°    3467       3

